S1,S2,S3,S4,S5,S6,S7,S8,S9,S10,S11,S12,S13,S14,S15
0.000000000000000000e+00,6.967346701436832879e-01,1.696734670143683399e+00,1.696734670143683399e+00,1.696734670143683399e+00,2.500000000000000000e+00,2.500000000000000000e+00,3.500000000000000000e+00,3.500000000000000000e+00,2.000000000000000000e+00,3.000000000000000000e+00,3.500000000000000000e+00,3.500000000000000000e+00,3.000000000000000000e+00,4.000000000000000000e+00
6.967346701436832879e-01,0.000000000000000000e+00,1.500000000000000000e+00,1.500000000000000000e+00,1.500000000000000000e+00,2.500000000000000000e+00,2.000000000000000000e+00,4.000000000000000000e+00,3.500000000000000000e+00,2.000000000000000000e+00,3.000000000000000000e+00,3.500000000000000000e+00,4.000000000000000000e+00,3.000000000000000000e+00,4.000000000000000000e+00
1.696734670143683399e+00,1.500000000000000000e+00,0.000000000000000000e+00,3.333333333333333703e-01,6.666666666666667407e-01,1.666666666666666741e+00,1.166666666666666741e+00,2.666666666666666963e+00,2.166666666666666963e+00,1.333333333333333481e+00,1.666666666666666963e+00,2.166666666666666963e+00,2.666666666666666963e+00,1.666666666666666963e+00,2.500000000000000000e+00
1.696734670143683399e+00,1.500000000000000000e+00,3.333333333333333703e-01,0.000000000000000000e+00,6.666666666666667407e-01,2.000000000000000000e+00,1.500000000000000000e+00,3.333333333333333925e+00,2.833333333333333925e+00,1.000000000000000000e+00,1.000000000000000000e+00,2.833333333333333925e+00,3.333333333333333481e+00,1.000000000000000000e+00,2.500000000000000000e+00
1.696734670143683399e+00,1.500000000000000000e+00,6.666666666666667407e-01,6.666666666666667407e-01,0.000000000000000000e+00,2.000000000000000000e+00,1.500000000000000000e+00,3.666666666666666963e+00,3.166666666666666963e+00,1.666666666666666741e+00,2.333333333333333481e+00,3.166666666666666963e+00,3.666666666666666963e+00,2.333333333333333481e+00,2.833333333333333481e+00
2.500000000000000000e+00,2.500000000000000000e+00,1.666666666666666741e+00,2.000000000000000000e+00,2.000000000000000000e+00,0.000000000000000000e+00,1.000000000000000000e+00,5.000000000000000000e-01,1.500000000000000000e+00,2.000000000000000000e+00,2.000000000000000000e+00,1.500000000000000000e+00,8.934693402873665757e-01,2.000000000000000000e+00,2.428979560191578013e+00
2.500000000000000000e+00,2.000000000000000000e+00,1.166666666666666741e+00,1.500000000000000000e+00,1.500000000000000000e+00,1.000000000000000000e+00,0.000000000000000000e+00,2.000000000000000000e+00,1.000000000000000000e+00,2.000000000000000000e+00,2.000000000000000000e+00,1.000000000000000000e+00,2.666666666666666963e+00,2.000000000000000000e+00,2.428979560191578013e+00
3.500000000000000000e+00,4.000000000000000000e+00,2.666666666666666963e+00,3.333333333333333925e+00,3.666666666666666963e+00,5.000000000000000000e-01,2.000000000000000000e+00,0.000000000000000000e+00,1.000000000000000000e+00,3.333333333333333925e+00,3.333333333333333925e+00,1.393469340287366576e+00,1.060136006954033316e+00,3.333333333333333925e+00,2.631156446762455747e+00
3.500000000000000000e+00,3.500000000000000000e+00,2.166666666666666963e+00,2.833333333333333925e+00,3.166666666666666963e+00,1.500000000000000000e+00,1.000000000000000000e+00,1.000000000000000000e+00,0.000000000000000000e+00,3.333333333333333925e+00,3.333333333333333925e+00,3.934693402873665757e-01,2.060136006954033316e+00,3.333333333333333925e+00,2.631156446762455747e+00
2.000000000000000000e+00,2.000000000000000000e+00,1.333333333333333481e+00,1.000000000000000000e+00,1.666666666666666741e+00,2.000000000000000000e+00,2.000000000000000000e+00,3.333333333333333925e+00,3.333333333333333925e+00,0.000000000000000000e+00,1.000000000000000000e+00,3.333333333333333925e+00,3.333333333333333481e+00,1.000000000000000000e+00,3.000000000000000000e+00
3.000000000000000000e+00,3.000000000000000000e+00,1.666666666666666963e+00,1.000000000000000000e+00,2.333333333333333481e+00,2.000000000000000000e+00,2.000000000000000000e+00,3.333333333333333925e+00,3.333333333333333925e+00,1.000000000000000000e+00,0.000000000000000000e+00,3.333333333333333925e+00,3.333333333333333481e+00,5.000000000000000000e-01,2.500000000000000000e+00
3.500000000000000000e+00,3.500000000000000000e+00,2.166666666666666963e+00,2.833333333333333925e+00,3.166666666666666963e+00,1.500000000000000000e+00,1.000000000000000000e+00,1.393469340287366576e+00,3.934693402873665757e-01,3.333333333333333925e+00,3.333333333333333925e+00,0.000000000000000000e+00,2.453605347241399670e+00,3.333333333333333925e+00,2.631156446762455747e+00
3.500000000000000000e+00,4.000000000000000000e+00,2.666666666666666963e+00,3.333333333333333481e+00,3.666666666666666963e+00,8.934693402873665757e-01,2.666666666666666963e+00,1.060136006954033316e+00,2.060136006954033316e+00,3.333333333333333481e+00,3.333333333333333481e+00,2.453605347241399670e+00,0.000000000000000000e+00,3.333333333333333481e+00,2.822448900478944367e+00
3.000000000000000000e+00,3.000000000000000000e+00,1.666666666666666963e+00,1.000000000000000000e+00,2.333333333333333481e+00,2.000000000000000000e+00,2.000000000000000000e+00,3.333333333333333925e+00,3.333333333333333925e+00,1.000000000000000000e+00,5.000000000000000000e-01,3.333333333333333925e+00,3.333333333333333481e+00,0.000000000000000000e+00,2.000000000000000000e+00
4.000000000000000000e+00,4.000000000000000000e+00,2.500000000000000000e+00,2.500000000000000000e+00,2.833333333333333481e+00,2.428979560191578013e+00,2.428979560191578013e+00,2.631156446762455747e+00,2.631156446762455747e+00,3.000000000000000000e+00,2.500000000000000000e+00,2.631156446762455747e+00,2.822448900478944367e+00,2.000000000000000000e+00,0.000000000000000000e+00
